AI 101 4109 5282 6294 997 1038 336 355 2035 2470 135 135 0 0 0 0 0 0
AI 101 4110 2258 3082 466 582 230 349 973 1243 53 53 0 0 0 0 0 0
AI 101 4111 3267 4763 861 1004 351 410 1175 1983 102 102 0 0 0 0 0 0
AI 101 4125 3093 4971 685 834 369 423 1127 1903 0 0 0 0 0 0 19 19
AI 101 4127 6234 7352 1507 1543 647 70 3005 3173 0 0 0 0 0 0 0 0
AI 102 4101 492 1664 68 489 156 210 447 1097 36 36 0 0 0 0 0 0
AI 102 4107 673 1410 203 462 143 316 406 1094 42 43 0 0 0 0 28 28
AI 102 4109 570 1934 160 387 39 109 622 1017 30 58 0 0 0 0 0 0
AI 102 4110 1 59 2 21 2 22 6 46 1 3 0 0 1 1 0 0
AI 102 4111 9 240 8 58 1 17 87 182 2 2 0 0 0 0 2 2
AI 102 4117 196 1002 182 410 31 285 358 800 0 0 0 0 0 0 8 8
AI 102 4125 97 654 18 159 23 64 171 350 21 22 2 2 0 0 8 8
AI 102 4128 1923 2637 577 931 397 604 895 1941 52 71 0 0 0 0 42 42
AI 102 4201 1402 4564 885 1523 596 747 2280 2946 0 0 0 0 0 0 0 0
AI 102 5219 367 564 141 190 56 151 222 524 13 13 0 0 0 0 0 0
AI 102 5221 264 373 70 173 124 131 205 382 0 0 0 0 0 0 0 0
AI 102 5226 1329 2022 579 735 220 388 721 1535 63 63 0 0 0 0 0 0
AI 102 5229 1028 1366 521 556 213 213 937 1337 0 0 0 0 0 0 0 0
AI 102 5235 662 833 176 199 135 158 369 562 0 0 0 0 0 0 34 34
AI 102 5244 2754 2861 962 968 617 617 2013 2076 0 0 0 0 0 0 0 0
AI 102 5245 2553 2979 716 838 518 518 2110 2238 0 0 0 0 0 0 0 0
AI 103 4109 5438 6313 1109 1224 393 400 1976 2610 69 69 0 0 0 0 0 0
AI 103 4110 1811 2805 745 875 413 515 1025 1429 0 0 0 0 0 0 15 15
AI 103 4111 3318 5079 976 1116 399 480 1818 2328 0 0 0 0 0 0 0 0
AI 103 4125 2922 5637 882 1140 502 507 2003 2476 0 0 0 0 0 0 0 0
AI 104 4105 2138 3547 601 1156 529 634 1819 2443 0 0 0 0 0 0 0 0
AI 104 4107 972 1603 441 641 121 356 788 1174 56 56 0 0 0 0 0 0
AI 104 4109 1045 2181 125 356 12 71 331 1075 16 23 3 3 0 0 0 0
AI 104 4110 31 102 12 31 6 19 26 75 5 5 0 0 0 0 6 6
AI 104 4111 151 329 69 99 5 25 97 236 9 9 0 0 0 0 7 7
AI 104 4112 540 874 179 313 78 107 343 559 15 24 0 0 0 0 0 0
AI 104 4117 842 2233 198 918 76 395 806 1681 104 111 0 0 0 0 0 0
AI 104 4124 168 441 161 302 163 255 147 362 17 17 0 0 0 0 0 0
AI 104 4125 396 778 60 149 29 62 149 402 14 14 0 0 0 0 10 10
AI 104 4136 866 1942 563 839 229 458 826 1440 54 54 0 0 0 0 0 0
AI 104 4139 2692 4706 938 1385 595 24 1954 2959 3 3 0 0 0 0 0 0
AI 104 5205 3697 4256 1222 1395 702 702 1980 2687 0 0 0 0 0 0 0 0
AI 104 5210 1615 2313 753 831 373 409 960 1671 0 0 0 0 0 0 0 0
AI 104 5216 106 143 40 72 41 49 66 118 0 0 0 0 0 0 9 9
AI 104 5254 442 543 322 355 288 434 431 528 0 0 0 0 0 0 0 0
AI 105 4110 1109 2074 405 457 300 350 585 786 0 0 13 13 0 0 27 27
AI 105 4111 2679 3724 794 942 377 439 1339 1839 117 117 0 0 0 0 0 0
AI 105 4125 3415 4250 778 888 385 455 1360 1835 101 101 0 0 0 0 0 0
AI 106 4101 2928 3120 538 766 332 382 1351 1712 126 126 0 0 0 0 0 0
AI 106 4102 5666 6449 1386 1541 629 212 1847 3313 133 133 0 0 0 0 0 0
AI 106 4105 4539 5185 1229 1441 514 46 2697 3159 0 0 0 0 0 0 50 50
AI 106 4107 1790 2631 392 741 282 354 927 1677 0 0 0 0 0 0 0 0
AI 106 4109 2101 3154 404 575 95 199 733 1505 0 0 0 0 0 0 17 17
AI 106 4110 213 300 33 89 24 65 96 150 8 8 3 3 0 0 0 0
AI 106 4111 687 1114 121 251 68 157 430 497 0 0 0 0 0 0 17 17
AI 106 4115 310 862 113 247 81 146 188 464 10 10 0 0 0 0 0 0
AI 106 4121 1419 2441 593 718 401 465 784 1517 61 61 0 0 0 0 0 0
AI 106 4122 2554 3359 829 1076 708 723 1462 1963 0 0 0 0 0 0 0 0
AI 106 4125 908 1377 74 288 77 142 309 645 39 39 0 0 0 0 0 0
AI 106 4127 3206 4011 763 1218 444 665 1802 2498 10 10 0 0 0 0 0 0
AI 106 4130 4226 5531 820 1287 280 540 2404 2688 0 0 0 0 0 0 0 0
AI 106 4133 3588 5152 1223 1408 500 14 1717 2655 0 0 0 0 0 0 20 20
AI 106 4170 2633 3473 855 1180 693 736 1483 1738 175 175 0 0 0 0 0 0
AI 106 5101 5930 9553 1318 1937 45 608 2822 3743 115 115 0 0 0 0 0 0
AI 106 5201 2632 3414 266 821 578 578 1325 1872 116 116 0 0 0 0 0 0
AI 106 5203 6046 7761 1579 1746 44 141 2842 3524 0 0 0 0 0 0 0 0
AI 106 5208 5263 6394 234 1814 28 224 2927 3564 0 0 0 0 0 0 0 0
AI 106 5210 2668 3365 850 947 474 491 1545 1901 0 0 0 0 0 0 0 0
AI 106 5215 2578 3599 652 738 226 231 1603 1697 59 59 0 0 0 0 0 0
AI 106 5216 317 443 100 147 165 189 168 216 0 0 0 0 0 0 14 14
AI 106 5222 1277 1479 365 419 234 257 614 808 25 25 0 0 0 0 0 0
AI 106 5225 960 1310 134 353 253 278 473 632 0 0 0 0 0 0 22 22
AI 106 5239 1493 2033 431 514 174 276 667 897 0 0 0 0 0 0 34 34
AI 106 5241 3537 4284 1162 1233 460 681 1888 2311 0 0 0 0 0 0 0 0
AI 106 5243 4095 4623 1319 1413 691 691 1914 2807 0 0 0 0 0 0 0 0
AI 106 5247 5660 6462 1359 1490 686 686 2634 3072 0 0 0 0 0 0 0 0
AI 106 5248 6545 7321 1563 1631 182 182 3461 3634 0 0 0 0 0 0 0 0
AI 106 5251 5216 5956 1463 1488 134 269 2590 2990 121 121 0 0 0 0 0 0
AI 106 5253 3863 4715 1259 1509 17 17 1913 2491 0 0 0 0 0 0 0 0
AI 106 5281 3407 4126 1160 1314 722 722 1831 2435 0 0 0 0 0 0 0 0
AI 106 5501 6281 6996 1753 1852 322 531 3091 3688 0 0 0 0 0 0 0 0
AI 106 5503 5259 7557 1442 1713 290 397 3417 3761 0 0 0 0 0 0 0 0
AI 106 5504 2850 4335 1268 1561 733 91 1887 2983 0 0 0 0 0 0 0 0
AI 106 5505 5213 6338 1679 1864 512 716 2004 3572 0 0 0 0 0 0 0 0
AI 106 5506 1238 1760 241 733 440 50 592 975 0 0 0 0 0 0 33 33
AI 106 5507 2526 4987 588 1537 448 619 1197 3295 41 41 0 0 0 0 0 0
AI 107 4107 3344 5133 982 1250 508 575 2218 2529 136 136 0 0 0 0 0 0
AI 107 4109 4040 4940 704 832 331 343 1591 1799 108 108 0 0 0 0 0 0
AI 107 4110 534 988 273 385 125 259 193 503 0 0 0 0 0 0 0 0
AI 107 4111 1016 2609 546 654 290 346 594 1139 0 0 0 0 0 0 0 0
AI 107 4117 3504 4397 1025 1025 694 694 1996 2341 0 0 0 0 0 0 0 0
AI 107 4118 2725 4328 1179 1428 9 40 1699 2354 7 7 0 0 0 0 0 0
AI 107 4125 2615 3588 352 699 225 365 785 1431 0 0 0 0 0 0 0 0
AI 107 4161 4650 5862 1477 1477 308 308 2854 3002 0 0 0 0 0 0 0 0
AI 108 4110 2285 3021 609 713 445 546 951 1544 0 0 0 0 0 0 0 0
AI 108 4111 4263 5125 705 1053 408 430 1964 2453 74 74 0 0 0 0 74 74
AI 108 4125 3396 5345 922 1062 392 463 1473 2299 68 68 0 0 0 0 0 0
AI 109 4101 1842 2919 310 817 318 447 902 1593 0 0 0 0 0 0 0 0
AI 109 4103 3741 4973 1320 1665 137 194 1857 2970 0 0 0 0 0 0 0 0
AI 109 4107 1149 2245 650 799 200 366 660 1629 73 73 0 0 0 0 0 0
AI 109 4109 1927 2674 315 515 111 154 481 1384 87 95 0 0 0 0 31 31
AI 109 4110 73 207 34 73 26 59 76 129 6 6 0 0 0 0 0 0
AI 109 4111 208 674 110 229 27 136 183 434 18 18 0 0 0 0 16 16
AI 109 4123 1449 4055 971 1283 620 148 1721 2730 78 78 0 0 0 0 62 62
AI 109 4125 646 1192 101 254 93 147 424 597 34 34 2 2 2 2 0 0
AI 109 4201 4137 5942 1529 1786 687 37 1751 3520 61 61 0 0 0 0 0 0
AI 109 4202 1652 2771 628 1064 383 482 570 1704 0 0 9 9 0 0 0 0
AI 109 4203 645 1214 499 795 416 638 537 887 0 0 0 0 0 0 0 0
AI 109 4204 231 2641 923 1448 651 717 1155 2975 0 0 0 0 0 0 0 0
AI 110 4101 1555 2903 548 791 251 511 625 1693 129 129 0 0 0 0 0 0
AI 110 4107 1019 2626 262 797 362 468 768 1611 96 96 0 0 0 0 0 0
AI 110 4109 1853 2905 48 587 83 243 631 1332 74 74 0 0 0 0 0 0
AI 110 4110 80 186 32 71 47 67 54 92 0 0 0 0 0 0 15 15
AI 110 4111 61 605 50 261 45 148 157 360 31 31 0 0 0 0 0 0
AI 110 4117 1256 2463 453 975 582 640 845 1427 114 114 0 0 0 0 0 0
AI 110 4125 497 1257 64 312 98 194 247 523 41 41 0 0 0 0 0 0
AI 110 4127 2500 3785 905 1078 637 670 1569 2534 0 0 0 0 0 0 75 75
AI 110 4132 3777 4950 714 1143 155 199 1356 2172 95 95 0 0 0 0 0 0
AI 110 5201 2958 3491 686 686 524 524 824 1672 0 0 0 0 0 0 21 21
AI 110 5207 4440 6272 1220 1674 217 544 1454 3328 0 0 0 0 0 0 0 0
AI 110 5210 2742 3104 859 972 533 533 1687 1890 131 131 0 0 0 0 0 0
AI 110 5213 3276 3909 737 792 271 296 1484 1759 0 0 0 0 0 0 76 76
AI 110 5216 209 324 83 143 110 110 135 161 12 12 0 0 0 0 0 0
AI 110 5217 710 1363 94 519 203 269 376 738 0 0 0 0 0 0 0 0
AI 110 5227 1423 4320 930 1339 540 746 1008 2772 119 119 0 0 0 0 0 0
AI 110 5233 1294 1958 389 614 238 319 554 941 60 60 0 0 0 0 0 0
AI 110 5243 3792 4835 1258 1433 73 73 2647 2732 0 0 0 0 0 0 0 0
AI 110 5249 4713 5658 1420 1637 175 175 2527 2818 0 0 0 0 0 0 0 0
AI 110 5601 6285 7963 1772 1909 328 576 3400 3911 0 0 0 0 0 0 0 0
AI 110 5602 3012 3465 275 275 150 150 2785 3216 0 0 0 0 0 0 0 0
AI 111 4107 4008 5410 653 1362 598 602 2518 2840 0 0 0 0 0 0 0 0
AI 111 4109 4416 5359 784 951 305 329 1742 2297 0 0 0 0 0 0 0 0
AI 111 4111 2003 3459 785 927 307 339 1242 1686 54 54 0 0 0 0 0 0
AI 111 4123 5770 7024 1414 1770 136 204 3042 3497 0 0 0 0 0 0 0 0
AI 111 4125 1867 3838 488 746 381 404 921 1598 80 80 0 0 0 0 0 0
AI 112 4108 6157 6949 1444 1476 543 660 2973 3084 0 0 0 0 0 0 0 0
AI 112 4109 5682 6661 1127 1186 389 391 2401 2747 11 11 0 0 0 0 0 0
AI 112 4110 2410 3483 506 906 469 560 997 1523 68 68 0 0 0 0 41 41
AI 112 4111 4246 5733 1007 1205 509 556 1814 2434 0 0 0 0 0 0 60 60
AI 112 4125 4102 5955 444 1167 345 558 1947 2503 0 0 0 0 0 0 0 0
AI 113 4104 4799 5929 1397 1718 707 106 2651 3675 0 0 0 0 0 0 0 0
AI 113 4107 2362 3627 665 940 370 489 1640 2018 76 76 0 0 0 0 36 36
AI 113 4109 1399 3419 378 564 72 187 1023 1604 109 137 4 4 0 0 0 0
AI 113 4110 308 559 103 150 70 105 155 238 11 11 0 0 0 0 0 0
AI 113 4111 1069 1844 268 423 138 208 459 803 50 51 0 0 0 0 18 29
AI 113 4114 886 1282 108 438 205 272 500 679 29 29 0 0 0 0 20 20
AI 113 4117 2740 4258 618 1389 616 656 942 2524 0 0 0 0 0 0 0 0
AI 113 4125 1455 2084 263 347 92 223 453 874 57 80 0 0 0 0 0 0
AI 113 4127 4173 5224 936 1383 662 173 1570 2978 0 0 0 0 0 0 0 0
AI 113 4135 5945 7220 1524 1720 461 499 3033 3534 0 0 0 0 0 0 0 0
AI 113 4136 2300 3897 868 1114 678 730 1750 2293 133 133 0 0 0 0 0 0
AI 113 5101 6145 9528 1673 2038 294 612 2538 4011 46 46 0 0 0 0 0 0
AI 113 5302 5926 6657 1169 1878 528 546 2587 3677 0 0 0 0 0 0 0 0
AI 113 5303 4812 5853 1518 1833 652 665 2195 3665 0 0 0 0 0 0 0 0
AI 113 5502 2799 3636 886 1634 114 242 1685 2448 0 0 0 0 0 0 0 0
AI 114 4107 5465 6839 1056 1425 588 636 2484 2944 0 0 0 0 0 0 0 0
AI 114 4109 5753 6522 927 1166 416 427 2095 2556 138 138 0 0 0 0 0 0
AI 114 4110 1849 3807 459 889 485 567 916 1526 48 66 0 0 0 0 25 25
AI 114 4111 3858 5888 755 1145 340 521 1567 2336 115 117 0 0 0 0 63 63
AI 114 4114 3836 5801 952 1333 552 601 1307 2189 104 104 0 0 0 0 65 65
AI 114 4117 4722 6658 1390 1588 692 61 2789 2960 0 0 0 0 0 0 0 0
AI 114 4119 6583 8118 1655 1896 359 551 3165 3823 0 0 0 0 0 0 0 0
AI 114 4125 4032 5680 844 1137 334 527 1536 2160 123 87 0 0 0 0 70 70
AI 114 4129 6862 8080 1663 1872 183 407 2764 3595 0 0 0 0 0 0 45 45
AI 114 4130 4728 7353 1049 1461 442 99 1886 2989 0 0 0 0 0 0 0 0
AI 114 4131 6496 7940 1468 1630 268 346 2669 3413 0 0 0 0 0 0 0 0
AI 114 4134 3929 5997 912 1467 563 96 1924 2645 0 0 0 0 0 0 0 0
AI 114 4142 5813 6282 1188 1417 677 688 2132 2809 0 0 0 0 0 0 0 0
AI 114 5216 3151 4024 816 896 557 557 1534 1775 69 69 0 0 0 0 0 0
AI 114 5246 7571 8125 1752 1797 358 358 3608 3732 176 176 0 0 0 0 0 0
AI 114 5247 6828 7955 1469 1540 124 124 2783 3111 0 0 0 0 0 0 0 0
AI 114 5305 4130 5464 853 1577 261 457 1801 2672 81 81 0 0 0 0 0 0
AI 114 5306 6203 8204 1572 1827 662 662 3217 3736 0 0 0 0 0 0 0 0
AI 114 5307 7570 8186 1811 1845 705 705 2815 3777 0 0 0 0 0 0 0 0
AI 115 4110 1078 2188 475 639 177 427 662 930 0 0 0 0 0 0 43 43
AI 115 4111 3543 4308 643 1030 378 415 1573 1844 141 141 0 0 0 0 0 0
AI 115 4125 4045 4900 830 1006 457 501 1774 2128 130 130 0 0 0 0 0 0
AI 115 5233 4996 5323 840 840 523 523 2109 2257 0 0 0 0 0 0 0 0
AI 116 4106 5872 7484 1615 1897 282 536 2780 3647 0 0 0 0 0 0 0 0
AI 116 4107 3328 4701 948 1182 493 561 1923 2436 19 173 0 0 0 0 0 0
AI 116 4109 3124 4347 637 781 190 289 1327 1874 140 140 0 0 0 0 13 13
AI 116 4110 588 882 178 308 164 212 254 465 0 0 0 0 0 0 0 0
AI 116 4111 1882 2628 436 616 161 320 907 1182 92 92 0 0 0 0 26 26
AI 116 4113 1077 2343 366 697 216 368 762 1324 90 90 0 0 0 0 0 0
AI 116 4125 2102 3065 333 635 196 328 910 1407 85 99 0 0 0 0 38 38
AI 116 4126 4994 5787 1023 1514 611 292 2696 3262 0 0 0 0 0 0 0 0
AI 116 4130 5771 7473 1296 1632 680 226 2546 3464 0 0 0 0 0 0 0 0
AI 116 4301 7094 8623 1743 1959 404 771 3314 3997 0 0 0 0 0 0 0 0
AI 116 5204 5982 7841 1694 1782 309 598 2754 3898 0 0 0 0 0 0 0 0
AI 116 5206 7293 7981 1730 1920 621 392 3673 3850 123 123 0 0 0 0 0 0
AI 116 5209 6925 7969 1892 1917 645 725 3689 3782 0 0 0 0 0 0 0 0
AI 116 5214 4192 4866 780 814 333 335 1879 1987 0 0 0 0 0 0 0 0
AI 116 5216 905 980 368 391 297 297 490 529 0 0 0 0 0 0 39 39
AI 116 5223 2731 3129 374 708 325 330 1170 1449 98 98 0 0 0 0 0 0
AI 116 5232 5009 6611 1649 1704 708 479 2987 3495 0 0 0 0 0 0 0 0
AI 116 5233 2950 3355 684 771 372 376 1438 1518 119 119 0 0 0 0 0 0
AI 116 5240 5339 6419 1254 1607 210 304 2601 3330 0 0 0 0 0 0 0 0
AI 116 5247 7071 7756 1678 1727 205 244 3224 3511 0 0 0 0 0 0 0 0
AI 116 5301 4723 5454 1270 1409 752 339 2742 2921 0 0 0 0 0 0 0 0
AI 116 5304 6646 7735 1745 1904 548 580 3205 3755 0 0 0 0 0 0 0 0
AI 116 5305 1226 1744 497 765 298 484 727 1083 0 0 0 0 0 0 0 0
AI 116 5801 8116 8737 1809 1928 688 760 3960 4054 0 0 0 0 0 0 0 0
AI 117 4104 5353 6859 1680 1887 92 228 2717 3625 0 0 0 0 0 0 0 0
AI 117 4107 2295 4187 695 1110 344 432 1768 2185 50 50 0 0 0 0 0 0
AI 117 4108 3997 5535 1084 1394 499 577 2020 2830 121 121 0 0 0 0 0 0
AI 117 4109 3467 4640 617 796 209 302 1258 1863 0 0 0 0 0 0 11 11
AI 117 4110 476 815 154 283 69 171 239 387 19 19 0 0 0 0 0 0
AI 117 4114 1327 1846 364 620 202 322 533 1071 67 67 0 0 0 0 0 0
AI 117 4116 1462 2038 442 561 224 252 734 967 107 107 0 0 0 0 0 0
AI 117 4117 2769 4797 872 1370 663 699 1868 2775 0 0 0 0 0 0 0 0
AI 117 4124 848 1334 336 668 247 412 712 989 93 93 0 0 0 0 0 0
AI 117 4125 1723 2625 358 632 215 310 746 1153 77 77 0 0 0 0 0 0
AI 117 4401 2197 4402 1028 1626 390 470 1592 2249 89 89 0 0 0 0 0 0
AI 120 4109 6597 7330 1308 1459 548 551 2673 2881 114 114 0 0 0 0 0 0
AI 120 4110 2838 5272 1096 1163 593 622 1453 2206 83 83 0 0 0 0 0 0
AI 120 4111 5469 6612 1036 1386 587 608 2508 2787 0 0 0 0 0 0 0 0
AI 120 4125 5289 6740 1276 1354 454 615 2039 2686 0 0 0 0 0 0 0 0
AI 121 4109 6581 7197 1080 1471 347 490 2119 2803 137 137 0 0 0 0 0 0
AI 121 4110 3175 4796 773 1090 572 591 1297 1952 118 118 0 0 0 0 0 0
AI 121 4111 4453 6239 1033 1241 438 573 2177 2469 0 0 0 0 0 0 51 51
AI 121 4125 5823 6628 907 1325 418 613 2115 2485 0 0 0 0 0 0 0 0
HS 201 4104 53912 67507 5334 8273 0 0 29246 47106 0 0 0 0 0 0 0 0
OS 201 4104 17402 32571 2730 6674 1786 1786 8107 10776 1664 1664 0 0 0 0 0 0
HS 201 4107 23991 44858 2659 7673 16878 21256 19350 32262 0 0 0 0 0 0 0 0
OS 201 4107 16399 22747 2963 3987 1631 1804 5258 6906 0 0 0 0 0 0 0 0
HS 201 4109 16099 28213 1977 3377 2246 4842 10317 25007 0 0 0 0 0 0 0 0
OS 201 4109 13637 18713 1238 2845 680 826 4350 5241 618 618 125 125 0 0 0 0
HS 201 4110 1313 11877 910 2029 1699 12621 4247 12378 0 0 0 0 0 0 0 0
OS 201 4110 6733 9732 1540 2300 811 982 1962 3639 375 375 0 0 0 0 367 367
HS 201 4114 5413 15491 2383 4152 14679 22706 9923 20944 0 0 0 0 0 0 0 0
OS 201 4114 9947 13192 1967 2882 1023 1173 3648 4485 645 645 0 0 0 0 434 434
HS 201 4125 12223 21110 1896 3780 4374 9624 6335 17677 990 990 0 0 0 0 0 0
OS 201 4125 10498 14512 2161 2725 696 769 3753 4554 213 213 0 0 0 0 338 338
HS 201 4139 32758 67769 9816 11961 0 0 36622 57674 0 0 0 0 0 0 0 0
OS 201 4139 15976 32762 3932 6333 2719 3140 9428 11897 1339 1339 0 0 0 0 0 0
HS 201 4148 18598 40118 4543 7637 42159 42159 25742 42221 0 0 0 0 0 0 0 0
OS 201 4148 15123 24694 4088 5323 2332 2590 5498 9239 0 0 0 0 0 0 0 0
HS 201 4149 24038 57088 7934 10223 20345 20345 27133 48286 0 0 0 0 0 0 0 0
OS 201 4149 15675 28577 3886 6761 1585 3017 7623 10053 0 0 0 0 0 0 0 0
HS 202 4107 10527 16202 1569 2793 456 841 3318 5052 1458 1458 0 0 0 0 0 0
OS 202 4107 11783 17181 1979 2914 743 1684 4533 5849 0 0 0 0 0 0 0 0
HS 202 4109 6155 11694 248 1247 86 111 2235 3297 464 464 0 0 0 0 188 188
OS 202 4109 8710 13059 1151 1622 403 727 3088 3850 0 0 0 0 8 8 0 0
HS 202 4110 593 4271 452 1253 230 341 1120 1861 99 99 0 0 0 0 0 0
OS 202 4110 1687 4101 630 1114 367 803 1088 1623 43 43 0 0 0 0 110 110
HS 202 4111 4268 8607 330 922 107 185 1555 2542 0 0 3 3 0 0 55 55
OS 202 4111 3597 9669 1273 1875 415 906 2567 3178 309 309 0 0 0 0 0 0
HS 202 4114 4487 8569 537 1360 413 615 1775 2933 109 109 0 0 0 0 0 0
OS 202 4114 4301 7386 1152 1985 938 952 2230 2724 0 0 0 0 0 0 162 162
HS 202 4125 859 7391 389 1154 144 209 1341 2154 0 0 0 0 0 0 328 328
OS 202 4125 3812 7952 623 1197 438 850 1676 2561 424 424 91 91 0 0 0 0
HS 202 4127 13265 23573 2906 5129 848 1396 5574 7171 860 860 0 0 0 0 0 0
OS 202 4127 16731 24918 2689 5089 1992 2416 6171 8700 835 835 0 0 0 0 0 0
HS 202 5101 951 2778 332 762 113 477 1153 1529 0 0 0 0 0 0 0 0
OS 202 5101 1126 1937 129 320 86 89 533 1098 87 87 0 0 0 0 0 0
HS 203 4107 15247 23228 3728 4875 2334 2767 7066 8957 1124 1124 0 0 0 0 0 0
OS 203 4107 13241 18374 2143 3078 1234 1267 4413 5495 785 785 0 0 0 0 363 363
HS 203 4109 15840 21499 2324 3267 541 1619 5586 7965 94 94 0 0 0 0 0 0
OS 203 4109 10208 14009 1526 2096 225 281 3583 4210 179 179 0 0 0 0 0 0
HS 203 4110 4299 10309 367 2205 442 1725 2377 4138 218 218 9 9 0 0 498 802
OS 203 4110 2502 6352 450 1568 588 851 1442 2413 80 80 10 10 61 61 182 187
HS 203 4111 10048 18951 1286 3186 1192 1850 4299 7162 443 443 0 0 0 0 0 0
OS 203 4111 7526 11378 1259 2052 326 504 2610 3484 229 229 0 0 0 0 0 0
HS 203 4114 10475 16255 2506 3616 744 2185 4018 7678 461 461 0 0 0 0 0 0
OS 203 4114 6557 8802 994 2147 655 937 1792 2870 449 449 0 0 0 0 0 0
HS 203 4125 5914 15898 830 2997 268 1243 3681 6174 719 719 0 0 0 0 720 720
OS 203 4125 7476 10840 1312 2016 231 581 2474 3196 412 412 36 36 0 0 186 186
HS 203 4161 23233 31215 5440 8159 1314 3969 9161 12545 0 0 0 0 0 0 0 0
OS 203 4161 19516 24457 3478 5182 1367 1869 5965 8130 0 0 0 0 0 0 0 0
HS 203 4501 618 4467 1224 1523 740 1036 1538 2061 0 0 0 0 0 0 0 0
OS 203 4501 1879 3755 520 629 339 458 1491 1582 0 0 0 0 0 0 0 0
HS 203 5101 1170 3106 166 681 135 285 745 1500 74 74 0 0 0 0 0 0
OS 203 5101 1511 2477 306 482 107 228 845 1236 30 30 0 0 0 0 0 0
HS 204 4104 13346 22691 2975 3464 4794 5529 4993 8817 0 0 0 0 0 0 0 0
OS 204 4104 14871 25021 4481 5852 1484 1759 6516 9371 1156 1156 0 0 0 0 0 0
HS 204 4107 8891 13044 1909 2088 4333 4475 3377 4499 0 0 0 0 0 0 0 0
OS 204 4107 8444 13767 2475 3475 1168 1168 3945 5014 672 672 0 0 0 0 0 0
HS 204 4109 2669 9801 172 1091 1140 2315 1808 3373 115 115 147 147 0 0 0 0
OS 204 4109 5727 11618 750 1596 223 283 2352 2941 0 0 0 0 0 0 249 249
HS 204 4110 899 3240 191 927 182 2531 556 1664 169 169 29 29 0 0 173 173
OS 204 4110 1371 3127 488 949 330 665 522 908 69 69 0 0 0 0 65 65
HS 204 4111 4213 7496 359 1269 427 1550 1747 2714 34 34 0 0 0 0 121 121
OS 204 4111 3647 7977 734 1376 195 358 1518 2131 0 0 0 0 0 0 175 175
HS 204 4114 3333 6985 600 1650 2561 3019 1659 3077 357 357 0 0 0 0 141 141
OS 204 4114 2985 5768 816 1670 592 751 1138 1892 253 253 86 86 0 0 0 0
HS 204 4125 1230 7018 833 1196 1020 3651 1529 2464 317 317 0 0 0 0 127 127
OS 204 4125 3726 6870 507 1407 372 521 1208 1955 130 130 0 0 0 0 0 0
HS 204 4136 10349 16315 2785 4707 4607 4607 3693 6095 864 864 0 0 0 0 0 0
OS 204 4136 13919 17803 4147 4625 1055 2263 4589 6627 0 0 0 0 0 0 0 0
HS 204 4146 3322 6502 1026 1618 2113 3713 1703 3096 0 0 0 0 0 0 157 157
OS 204 4146 3152 6789 1770 2290 1036 1451 1577 2257 138 138 110 110 0 0 0 0
HS 205 4107 189477 238265 27655 31500 5100 43818 0 0 0 0 0 0 0 0 0 0
OS 205 4107 21843 36511 6293 6777 2733 2964 9643 11236 1282 1282 0 0 0 0 0 0
HS 205 4109 43194 196678 9501 18641 2378 13261 0 0 0 0 0 0 0 0 0 0
OS 205 4109 23333 35971 2929 5248 1438 2029 8818 10871 983 983 243 243 0 0 0 0
HS 205 4110 59224 195893 10257 26387 6858 29373 0 0 0 0 0 0 0 0 0 0
OS 205 4110 11266 23929 3944 5183 2036 2087 5400 8238 260 260 0 0 0 0 509 509
HS 205 4111 26465 189615 17939 24793 2485 18959 0 0 1190 1190 0 0 0 0 0 0
OS 205 4111 17592 33518 2466 6167 2090 2323 8749 10590 881 881 0 0 0 0 0 0
HS 205 4114 19100 183150 15861 27430 4759 28418 0 0 0 0 0 0 0 0 0 0
OS 205 4114 17104 28872 4646 6210 2302 2616 7188 10010 0 0 0 0 0 0 698 698
HS 205 4125 26066 109525 4499 21364 3082 19939 0 0 0 0 0 0 0 0 0 0
OS 205 4125 18942 31595 3110 4764 1449 1835 7833 9524 381 381 0 0 0 0 0 0
HS 205 4142 163537 233340 28180 35800 30223 41328 0 0 0 0 0 0 0 0 0 0
OS 205 4142 23131 36674 6669 7179 2831 3039 10825 11801 1806 1806 0 0 0 0 0 0
HS 205 4143 260190 292172 37252 40863 28595 33681 0 0 2598 2598 0 0 0 0 0 0
OS 205 4143 28732 39737 7430 9236 3555 3555 12145 13616 2307 2307 0 0 0 0 0 0
HS 205 4145 239781 281394 41413 49165 21113 40063 0 0 0 0 0 0 0 0 0 0
OS 205 4145 33144 39803 6007 9025 2928 3804 11176 13665 0 0 0 0 0 0 754 754
HS 205 5267 218860 310449 40559 40559 35662 35662 0 0 0 0 0 0 0 0 0 0
OS 205 5267 35409 40006 8819 8819 4068 4068 11031 12185 0 0 0 0 0 0 0 0
HS 205 5602 61045 270811 17770 36167 13288 25496 0 0 0 0 0 0 0 0 0 0
OS 205 5602 35848 39057 9243 9303 3989 3989 13930 14294 0 0 0 0 0 0 0 0
HS 205 5604 280561 312749 43963 43963 13226 27193 0 0 0 0 0 0 0 0 0 0
OS 205 5604 39492 40884 8585 8585 2368 2368 12322 14295 0 0 0 0 0 0 0 0
HS 205 5605 215677 311697 40949 41482 0 0 0 0 0 0 0 0 0 0 0 0
OS 205 5605 38867 41041 8982 9161 0 0 13818 14110 0 0 0 0 0 0 0 0
HS 206 4104 16903 24423 3457 10154 4708 4708 6432 7325 0 0 0 0 0 0 0 0
OS 206 4104 17372 25728 4215 5498 1305 1305 6256 7385 0 0 0 0 0 0 0 0
HS 206 4107 5959 16851 5441 11803 16545 16545 4065 6439 1050 1050 0 0 0 0 1209 1209
OS 206 4107 8537 15734 1953 2984 1221 1480 4124 5487 35 35 0 0 0 0 0 0
HS 206 4109 2911 15044 2932 10259 1948 5802 4028 5845 255 255 0 0 0 0 0 0
OS 206 4109 8429 12690 1505 1848 384 684 2570 3292 296 296 0 0 4 4 171 171
HS 206 4110 1676 7945 2826 11554 2205 7166 1370 3271 511 511 0 0 0 0 194 194
OS 206 4110 1411 3048 665 1023 319 512 538 1043 156 156 60 60 0 0 0 0
HS 206 4114 1435 9275 729 10057 7803 14611 2487 4295 27 27 0 0 0 0 0 0
OS 206 4114 2457 4469 903 1403 301 574 901 1512 133 133 0 0 0 0 318 318
HS 206 4117 7163 15801 1429 13274 0 0 5286 6577 0 0 0 0 0 0 0 0
OS 206 4117 4652 10758 2153 3639 2277 2277 3629 4581 0 0 0 0 0 0 0 0
HS 206 4125 4051 8842 2274 4954 5675 23099 1572 2451 360 360 0 0 0 0 371 371
OS 206 4125 4032 7575 1029 1544 430 575 1423 2037 182 182 0 0 24 24 0 0
HS 206 4144 4715 11438 2078 11232 8062 8062 2514 4189 1278 1278 0 0 0 0 0 0
OS 206 4144 5095 7739 1054 1637 522 729 1552 2136 140 140 0 0 0 0 411 411
HS 206 4145 12714 22186 6363 13135 0 0 5702 7157 0 0 0 0 0 0 0 0
OS 206 4145 11207 20249 1855 4529 1919 2128 5356 7250 554 554 0 0 0 0 0 0
HS 206 5101 721 2409 300 476 1407 1769 580 1007 151 151 0 0 0 0 0 0
OS 206 5101 1253 1802 212 243 133 166 534 660 0 0 0 0 0 0 12 12
HS 207 4110 4003 9402 529 1498 1258 2180 1810 4968 0 0 0 0 0 0 0 0
OS 207 4110 1562 3931 397 879 322 408 911 1371 0 0 0 0 0 0 163 163
HS 207 4114 4894 14240 1592 3960 2602 3074 5639 9820 545 545 0 0 0 0 0 0
OS 207 4114 1640 6553 924 1624 518 630 1495 2329 171 171 0 0 0 0 0 0
HS 207 4144 10831 16042 2478 3954 1342 2178 7792 10494 869 869 0 0 0 0 0 0
OS 207 4144 4486 8826 930 1260 363 562 1822 2611 0 0 0 0 0 0 0 0
HS 208 4104 23413 47259 6962 9478 12003 15440 27232 62153 0 0 0 0 0 0 0 0
OS 208 4104 29149 37097 4736 6829 1334 2788 9812 12732 0 0 208 208 0 0 0 0
HS 208 4107 22092 33350 4709 5968 8241 10792 26964 45600 0 0 0 0 0 0 0 0
OS 208 4107 15731 22661 4135 4391 1422 2027 5456 7260 578 578 0 0 0 0 0 0
HS 208 4109 14458 35442 2619 4969 5056 10035 10814 34756 950 950 0 0 0 0 0 0
OS 208 4109 15540 19027 2378 3347 421 748 4281 4973 0 0 0 0 0 0 169 169
HS 208 4110 3257 14938 459 2049 2534 5598 4649 13911 0 0 0 0 0 0 201 201
OS 208 4110 4385 9217 1291 1832 777 936 2054 3109 185 185 0 0 0 0 0 0
HS 208 4111 7170 24094 1503 3209 4018 7346 15842 34285 741 741 212 212 0 0 0 0
OS 208 4111 10317 15097 2823 3393 349 845 3940 4763 527 527 0 0 0 0 0 0
HS 208 4114 5110 19551 2352 3717 178 5134 4842 19728 986 986 0 0 0 0 0 0
OS 208 4114 8930 12644 1730 3232 1081 1139 3209 4127 605 605 0 0 47 47 0 0
HS 208 4125 10121 24815 821 3566 1372 9651 5912 28477 627 627 0 0 0 0 691 691
OS 208 4125 7788 14127 1018 2599 683 1148 2834 4207 436 436 115 115 0 0 0 0
HS 208 4127 31661 40342 5027 7475 5981 10287 38905 57314 0 0 0 0 0 0 0 0
OS 208 4127 18480 29920 4425 6083 2019 2372 8203 9584 1263 1263 0 0 0 0 591 591
HS 208 4146 18929 31352 3651 7784 5613 11065 17475 39495 1846 1846 0 0 0 0 0 0
OS 208 4146 9745 15368 2501 3840 1547 1977 3498 5424 0 0 0 0 0 0 454 454
HS 209 4110 13961 32238 7719 10490 5424 5424 10324 25943 0 0 0 0 0 0 0 0
OS 209 4110 4113 9735 2041 2160 697 697 2510 3145 0 0 0 0 0 0 0 0
HS 209 4114 13948 38129 17587 17758 636 636 15622 27282 0 0 0 0 0 0 0 0
OS 209 4114 9274 11990 2027 2293 1044 1044 3164 3884 513 513 0 0 0 0 0 0
HS 209 4144 27300 41097 15948 16473 778 4309 27845 33718 0 0 0 0 0 0 0 0
OS 209 4144 9755 15588 2448 2554 1038 1038 4104 4452 0 0 0 0 0 0 248 248
HS 210 4107 50473 67518 5607 8125 1823 2905 69768 107241 0 0 0 0 0 0 0 0
OS 210 4107 20575 24880 4162 4780 1353 1400 6483 8352 0 0 0 0 0 0 0 0
HS 210 4109 20891 62795 2090 5520 726 1025 38880 81457 0 0 0 0 0 0 0 0
OS 210 4109 14657 20729 2708 3163 177 700 4738 6096 0 0 0 0 0 0 0 0
HS 210 4110 5416 25215 1167 4881 896 1439 6060 32120 0 0 0 0 0 0 0 0
OS 210 4110 7101 11779 942 2861 1014 1154 2607 4212 534 534 0 0 0 0 614 614
HS 210 4111 18535 59155 3203 7620 1893 2615 33201 103993 1366 1366 0 0 0 0 0 0
OS 210 4111 11851 17988 1694 3009 758 918 4445 5665 0 0 0 0 0 0 645 645
HS 210 4114 15870 43919 2277 6352 1614 1984 15433 89762 0 0 0 0 0 0 0 0
OS 210 4114 12195 15929 2885 3755 1331 1555 4430 5577 0 0 0 0 0 0 642 642
HS 210 4125 16783 47122 2960 4955 1090 1325 19337 51290 3359 3359 0 0 0 0 0 0
OS 210 4125 12874 17690 1477 2937 957 1047 3897 5265 0 0 0 0 36 36 525 525
HS 210 5101 3051 6794 422 564 294 552 2734 8799 101 101 0 0 0 0 0 0
OS 210 5101 1602 2830 331 496 168 180 1013 1355 46 46 0 0 0 0 0 0
HS 210 5216 36539 56292 3841 5879 2348 2434 33488 78797 0 0 0 0 0 0 0 0
OS 210 5216 11998 15550 3388 3745 1525 1942 4481 6388 435 435 0 0 0 0 0 0
HS 210 5234 43078 66343 7936 8521 2170 2660 74128 117379 0 0 0 0 0 0 0 0
OS 210 5234 16957 21604 3367 4656 1249 1752 5712 7502 931 931 0 0 0 0 0 0
HS 211 4107 2838 14028 1539 4415 1730 1857 13707 17278 0 0 0 0 0 0 0 0
OS 211 4107 1464 7628 1534 2170 432 783 2401 3807 0 0 0 0 0 0 59 59
HS 211 4109 9516 17507 1326 4303 1271 1707 6813 14798 290 290 0 0 0 0 361 361
OS 211 4109 3453 8243 985 1414 247 382 1641 2355 170 240 0 0 0 0 0 0
HS 211 4114 998 4555 241 1516 294 1150 1321 5620 0 0 0 0 0 0 46 46
OS 211 4114 1182 2430 631 849 150 270 425 780 0 0 0 0 0 0 0 0
HS 211 4125 816 9701 1461 3714 162 1508 2129 11669 399 399 0 0 53 53 0 0
OS 211 4125 654 3627 273 1009 206 287 590 1260 90 90 155 155 15 15 0 0
HS 211 4130 21448 32047 4836 6137 2014 2288 17649 19770 0 0 0 0 0 0 0 0
OS 211 4130 11775 19652 1930 2574 787 959 4306 6734 0 0 0 0 0 0 0 0
HS 211 4144 1664 9436 1678 3950 612 1215 6285 13228 261 261 0 0 0 0 0 0
OS 211 4144 1091 3752 317 978 333 352 850 1345 110 110 0 0 0 0 0 0
HS 211 4146 2739 5805 1685 3300 797 1233 4504 9104 244 244 0 0 0 0 0 0
OS 211 4146 2025 3533 582 1476 267 643 925 1712 74 74 0 0 0 0 390 390
HS 211 4151 208 2561 355 1131 25 890 537 5820 63 63 0 0 0 0 54 54
OS 211 4151 363 1470 339 545 152 218 286 492 68 68 0 0 0 0 71 71
HS 211 4156 10839 21393 4528 6430 2143 2284 15972 19192 0 0 0 0 0 0 0 0
OS 211 4156 10464 16776 2035 4043 814 838 5214 6193 0 0 0 0 0 0 0 0
HS 212 4109 58544 80295 23548 23548 1058 4816 0 0 0 0 0 0 0 0 0 0
OS 212 4109 25938 37840 5172 5503 1302 1683 9853 11175 0 0 0 0 0 0 0 0
HS 212 4110 39621 87466 54591 54591 3373 9425 0 0 0 0 0 0 0 0 0 0
OS 212 4110 12568 26669 4296 6062 2051 2051 8571 9687 0 0 0 0 0 0 0 0
HS 212 4114 57409 81087 0 0 2510 9801 0 0 0 0 0 0 0 0 0 0
OS 212 4114 27697 35632 7026 7151 2081 2081 10673 11906 1791 1791 0 0 0 0 0 0
HS 212 4125 60463 63339 19428 19428 2211 9041 0 0 0 0 0 0 0 0 0 0
OS 212 4125 23152 36075 5247 5515 2001 2001 10610 11452 0 0 0 0 0 0 0 0
HS 212 4144 48210 79004 9893 9893 2732 8208 0 0 0 0 0 0 0 0 0 0
OS 212 4144 36244 37505 5444 6313 2600 2600 9909 11779 0 0 0 0 0 0 946 946
HS 213 4110 0 0 0 0 15927 31389 0 0 0 0 0 0 0 0 0 0
OS 213 4110 20218 31170 6410 6636 753 753 7345 10746 0 0 0 0 0 0 0 0
HS 213 4114 0 0 0 0 8035 23764 0 0 0 0 0 0 0 0 0 0
OS 213 4114 34981 37176 5316 5687 1632 1632 11078 12207 797 797 0 0 0 0 0 0
HS 213 4144 0 0 0 0 3732 28594 0 0 0 0 0 0 0 0 0 0
OS 213 4144 25494 38996 7134 7509 2571 2571 11825 12534 0 0 0 0 0 0 0 0
HS 213 5603 0 0 0 0 0 0 0 0 0 0 0 0 0 0 0 0
OS 213 5603 39906 43843 8462 8930 4387 4387 13221 14452 0 0 0 0 0 0 0 0
HS 214 4109 10132 28179 1122 3986 1673 2008 6601 7579 769 769 0 0 0 0 0 0
OS 214 4109 14429 23580 2495 3887 954 1206 5589 7064 0 0 0 0 0 0 535 535
HS 214 4110 13019 18591 3208 3955 1122 3146 4097 5538 783 783 0 0 0 0 0 0
OS 214 4110 5729 15390 1844 3141 1165 1457 4141 5482 0 0 0 0 103 103 264 264
HS 214 4111 14386 26521 1948 4230 2740 3170 6291 7614 665 665 0 0 0 0 0 0
OS 214 4111 17623 21789 2436 3965 607 1162 4917 6682 801 801 61 61 0 0 0 0
HS 214 4114 16107 24281 3363 4973 3311 3864 5527 7505 670 670 0 0 0 0 0 0
OS 214 4114 13578 19760 3349 4227 1466 1573 4384 6548 433 433 0 0 0 0 0 0
HS 214 4125 12076 23647 2023 3784 1354 3428 5341 6202 616 616 0 0 0 0 0 0
OS 214 4125 15456 20427 2157 3702 1199 1373 4729 6518 0 0 0 0 0 0 0 0
HS 214 4146 19378 28152 3630 5489 3524 4262 7533 8982 243 243 0 0 0 0 0 0
OS 214 4146 15554 23446 4299 5432 2075 2413 6203 7527 445 445 0 0 0 0 911 911
HS 214 5101 3179 5476 328 800 267 680 1689 2101 0 0 0 0 0 0 0 0
OS 214 5101 2488 3301 494 592 108 304 1038 1339 203 203 0 0 0 0 0 0
HS 214 5503 20866 48250 8835 9494 6036 6036 14223 15013 0 0 0 0 0 0 0 0
OS 214 5503 36129 39980 5769 7651 3933 3933 12612 13770 0 0 0 0 0 0 0 0
HS 214 5507 4694 48939 9583 9589 6689 6689 13546 14479 0 0 0 0 0 0 519 519
OS 214 5507 34976 38400 8971 9136 4360 4360 12834 13484 0 0 0 0 0 0 0 0
HS 214 5508 19553 49154 8091 9656 6426 6426 12842 14719 0 0 0 0 0 0 0 0
OS 214 5508 35475 40296 7917 8843 3068 3068 12794 13561 0 0 0 0 0 0 0 0
HS 215 4110 16647 76476 13037 31627 9183 9183 22327 29250 0 0 0 0 0 0 0 0
OS 215 4110 5842 9866 963 1240 1103 1103 3474 4038 510 510 0 0 0 0 0 0
HS 215 4114 26302 80459 6906 27315 7895 7895 35451 40928 3391 3391 0 0 0 0 0 0
OS 215 4114 6850 11525 2167 2726 1183 1183 3208 4517 0 0 262 262 0 0 0 0
HS 215 4125 46706 96542 7634 7730 0 0 35985 54145 0 0 0 0 0 0 0 0
OS 215 4125 10884 15825 3412 3415 1000 1000 4613 5541 0 0 0 0 0 0 0 0
HS 215 4144 68838 129512 29706 31979 0 0 41624 51410 0 0 0 0 0 0 0 0
OS 215 4144 11657 16348 3038 3054 1086 1086 4440 4990 0 0 0 0 0 0 0 0
HS 216 4104 64055 83553 9242 15709 3127 5159 31548 35960 2705 2705 0 0 0 0 0 0
OS 216 4104 27742 37739 5659 7207 2049 3384 10188 13085 906 906 0 0 0 0 612 612
HS 216 4107 53989 70853 3652 10981 3214 3571 20108 31169 0 0 0 0 0 0 1232 1232
OS 216 4107 21140 24587 4018 4672 1658 2044 6743 7867 637 637 0 0 0 0 0 0
HS 216 4109 22554 48932 3339 6153 1493 1889 13235 18461 1594 1594 0 0 0 0 0 0
OS 216 4109 14732 21836 2973 3762 935 943 5575 6711 0 0 0 0 0 0 0 0
HS 216 4110 8230 31040 1019 5921 1437 1980 7420 15718 1579 1579 0 0 0 0 0 0
OS 216 4110 7403 12039 2289 2996 313 1018 3019 4260 272 272 0 0 0 0 0 0
HS 216 4111 29309 40992 4482 6528 1101 2077 10375 17501 822 822 0 0 0 0 0 0
OS 216 4111 12422 18701 3000 3781 1114 1214 4794 5590 477 477 0 0 0 0 0 0
HS 216 4125 13867 31974 2081 4832 1315 1389 7768 12621 0 0 0 0 0 0 0 0
OS 216 4125 12173 17842 2097 3206 1220 1298 4179 5107 0 0 0 0 0 0 0 0
HS 216 4126 47079 74730 6344 12003 2566 3532 21901 32273 0 0 0 0 0 0 0 0
OS 216 4126 22121 32637 5278 6425 2379 2755 8297 10907 0 0 0 0 0 0 0 0
HS 216 4130 52623 74529 9481 11933 2257 2797 21877 30973 0 0 0 0 0 0 0 0
OS 216 4130 14474 32896 1621 6376 2042 2471 8554 10618 0 0 0 0 0 0 0 0
HS 216 4146 32133 58834 8180 11985 2773 3446 17270 30202 2118 2118 0 0 0 0 0 0
OS 216 4146 12389 18443 3661 4308 1627 1638 4675 6468 640 640 0 0 52 52 0 0
HS 216 4152 85321 103339 14097 19057 4788 5098 31591 42021 0 0 0 0 0 0 0 0
OS 216 4152 26047 38726 7547 8450 2311 3332 10947 13986 2064 2064 0 0 0 0 0 0
HS 216 4153 13896 47722 6968 8882 2441 2670 12563 21908 1573 1573 0 0 0 0 0 0
OS 216 4153 11232 16836 3521 4178 1182 1343 4585 5264 573 573 0 0 0 0 262 262
HS 216 5101 2903 9894 1784 2539 438 585 2686 5186 0 0 0 0 0 0 0 0
OS 216 5101 2165 3207 356 579 237 261 1061 1323 0 0 0 0 0 0 35 35
HS 217 4104 870461 870461 0 0 0 0 0 0 0 0 0 0 0 0 0 0
OS 217 4104 29453 41280 7911 8881 0 0 13206 13595 2521 2521 0 0 0 0 0 0
HS 217 4109 176829 849325 0 0 0 0 0 0 0 0 0 0 0 0 0 0
OS 217 4109 29655 36682 4174 5574 1567 1567 9532 9869 0 0 0 0 0 0 838 838
HS 217 4110 152775 573107 58853 58853 14850 14850 258642 258642 0 0 0 0 0 0 0 0
OS 217 4110 19218 27356 4401 4928 2508 2508 7418 7931 0 0 0 0 0 0 0 0
HS 217 4114 164167 716233 0 0 0 0 0 0 0 0 0 0 0 0 0 0
OS 217 4114 28918 32783 6143 6392 2791 2815 8394 11110 0 0 0 0 0 0 0 0
HS 217 4125 147812 746975 0 0 0 0 0 0 0 0 0 0 0 0 0 0
OS 217 4125 15966 32240 4730 5018 1364 1364 7913 8589 0 0 0 0 0 0 0 0
HS 217 4144 195960 1133483 0 0 0 0 0 0 0 0 0 0 0 0 0 0
OS 217 4144 32671 34452 5744 6102 2218 2218 10197 11081 0 0 0 0 0 0 0 0
HS 218 4104 398203 592023 0 0 15439 16854 287982 352836 0 0 0 0 0 0 0 0
OS 218 4104 38793 41657 7638 9056 4157 4463 12180 14205 2923 2923 0 0 0 0 0 0
HS 218 4107 350936 544381 87878 87878 13031 15383 335106 396003 0 0 0 0 0 0 0 0
OS 218 4107 28393 38294 6557 6653 2954 3063 11695 12640 1681 1681 0 0 0 0 1189 1189
HS 218 4109 200083 277735 69210 69210 4000 4151 93602 177459 3313 3313 0 0 0 0 0 0
OS 218 4109 29474 36692 5478 5808 1900 1900 10220 10313 479 479 0 0 0 0 1324 1324
HS 218 4110 100399 269772 0 0 6474 7532 159541 317274 0 0 0 0 0 0 0 0
OS 218 4110 15155 26331 2855 5313 2482 2482 7934 8087 790 790 132 132 0 0 747 747
HS 218 4111 30957 345530 0 0 5673 6751 162837 298993 0 0 0 0 0 0 0 0
OS 218 4111 30792 35588 5612 5883 2300 2519 8842 9038 1682 1682 0 0 0 0 793 793
HS 218 4114 123159 339075 97739 97739 6697 8010 190830 260451 0 0 0 0 0 0 0 0
OS 218 4114 27848 33407 6071 6405 1420 1420 8259 8456 1808 1808 0 0 0 0 1164 1164
HS 218 4125 150611 313675 21260 37856 6808 7384 110171 152433 0 0 0 0 0 0 0 0
OS 218 4125 18232 30512 3729 5221 1917 1917 8675 8708 1229 1229 0 0 0 0 723 723
HS 219 4109 23284 28075 2284 5380 794 1338 6436 8048 0 0 0 0 0 0 0 0
OS 219 4109 14475 19812 674 3544 923 1204 4383 5392 0 0 0 0 0 0 0 0
HS 219 4110 4688 15940 1086 3677 617 1506 3441 4477 289 289 0 0 22 22 161 161
OS 219 4110 5667 10162 2184 2680 464 1286 2773 3465 312 312 0 0 0 0 312 312
HS 219 4114 14552 22884 3369 5625 1511 1741 5030 6898 492 492 0 0 0 0 296 296
OS 219 4114 8812 12980 2075 2909 1205 1352 3112 4288 542 542 205 205 0 0 0 0
HS 219 4125 10715 17640 2791 5358 376 979 3673 4943 0 0 0 0 0 0 0 0
OS 219 4125 9921 14778 1374 2962 379 713 3150 3971 0 0 0 0 0 0 0 0
HS 219 4127 25980 34157 5686 6988 2202 2452 8510 11741 1188 1188 0 0 0 0 0 0
OS 219 4127 18780 29448 3771 6036 2516 3147 6838 10326 1611 1611 0 0 0 0 0 0
HS 219 4136 26309 34234 7397 8344 2390 2683 8345 12542 1008 1008 0 0 0 0 0 0
OS 219 4136 20550 28226 3551 6242 1840 1840 6725 9788 0 0 0 0 0 0 0 0
HS 219 4144 11333 24051 601 5383 1241 1913 5390 6900 1048 1048 0 0 0 0 902 902
OS 219 4144 8300 15958 1627 3292 825 1179 3376 4755 585 585 0 0 0 0 210 210
HS 220 4109 10401 22313 1027 6496 2071 7888 5598 13008 379 379 0 0 0 0 0 0
OS 220 4109 11558 16474 999 2764 457 616 3769 4765 298 298 0 0 0 0 118 118
HS 220 4111 8897 18763 1952 7165 11001 24662 3985 12964 1211 1211 0 0 0 0 0 0
OS 220 4111 9213 12624 356 2686 467 747 2631 4268 328 328 0 0 0 0 600 600
HS 220 4114 8493 14845 2131 6227 6346 38731 3705 11012 1714 1714 0 0 0 0 0 0
OS 220 4114 7463 10909 422 2898 880 1119 2808 3834 0 0 70 70 0 0 610 610
HS 220 4125 7416 16038 706 5953 6414 20968 3409 8231 1166 1166 0 0 0 0 0 0
OS 220 4125 4684 11424 1082 2447 699 804 2590 3534 336 336 0 0 0 0 134 134
HS 220 4136 20142 29815 6911 8748 12258 28171 13116 15441 2841 2841 0 0 0 0 0 0
OS 220 4136 16615 23840 3345 5584 2426 2659 6575 7878 728 728 0 0 0 0 0 0
HS 220 4146 7654 11846 2209 6464 14702 20736 4412 10483 746 746 0 0 0 0 0 0
OS 220 4146 6828 10467 2117 3298 1288 1610 3198 4262 324 324 0 0 0 0 0 0
HS 220 4151 3304 7555 955 2082 5534 19433 1674 3497 83 83 0 0 0 0 0 0
OS 220 4151 4171 6726 861 1740 773 894 1181 2527 201 201 0 0 0 0 0 0
HS 221 4109 117904 168384 7674 11964 3263 3263 56185 89098 0 0 0 0 0 0 0 0
OS 221 4109 33003 38216 3599 4849 1966 1966 9966 11627 0 0 0 0 0 0 0 0
HS 221 4110 186348 608365 47327 65144 14170 16157 237907 417234 0 0 0 0 0 0 0 0
OS 221 4110 14541 33090 4169 6477 2692 2857 9511 11039 943 943 0 0 0 0 0 0
HS 221 4111 201350 351232 24619 46652 5845 5845 139243 364530 0 0 0 0 0 0 0 0
OS 221 4111 30632 38330 6289 6358 2041 2067 9533 11868 0 0 0 0 0 0 987 987
HS 221 4114 188593 516386 52834 60867 11193 11193 228308 228308 0 0 0 0 0 0 0 0
OS 221 4114 28274 37110 6563 7065 2647 2647 11144 11764 708 708 0 0 0 0 0 0
HS 221 4125 78302 421496 28975 38285 9622 9622 166799 183188 0 0 0 0 0 0 0 0
OS 221 4125 28002 36485 2031 5610 2556 2556 10121 10530 0 0 0 0 0 0 0 0
HS 222 4109 432109 791857 70961 71287 24194 24194 0 0 0 0 0 0 0 0 0 0
OS 222 4109 38224 39798 4701 5993 2114 2114 12022 12478 0 0 0 0 0 0 0 0
HS 222 4110 205944 997334 0 0 0 0 0 0 0 0 0 0 0 0 0 0
OS 222 4110 24197 33878 5588 6665 2890 2890 9819 11293 0 0 0 0 0 0 0 0
HS 222 4114 373585 892021 0 0 0 0 0 0 0 0 0 0 0 0 0 0
OS 222 4114 36023 38552 5193 7104 2919 2919 12092 12652 1625 1625 0 0 0 0 0 0
HS 222 4125 156715 1090900 0 0 0 0 0 0 0 0 0 0 0 0 0 0
OS 222 4125 34421 37200 5572 5987 2589 2589 9777 11620 0 0 0 0 0 0 0 0
HS 222 4144 649239 676363 0 0 0 0 0 0 0 0 0 0 0 0 0 0
OS 222 4144 38534 39486 6859 7156 2644 2644 10321 12706 0 0 0 0 0 0 0 0
HS 223 4104 22575 36193 8399 9835 3923 3923 18015 30864 1617 1617 0 0 0 0 0 0
OS 223 4104 26380 30438 4091 5658 2060 2060 9413 11916 0 0 0 0 0 0 0 0
HS 223 4106 15548 30784 7558 8055 3106 3106 16090 25684 0 0 0 0 0 0 0 0
OS 223 4106 28218 33385 5240 7264 2845 2949 10012 12181 0 0 0 0 0 0 0 0
HS 223 4107 16467 20253 2350 8279 1817 2824 9216 11402 0 0 0 0 0 0 292 292
OS 223 4107 7777 18835 2394 3757 1124 1574 4873 6393 0 0 0 0 0 0 0 0
HS 223 4109 12372 16095 1121 3042 439 1774 5309 8604 0 0 0 0 0 0 0 0
OS 223 4109 10504 13952 1521 2043 429 487 3146 3823 319 319 0 0 0 0 0 0
HS 223 4110 4770 10041 1150 2806 324 912 1856 7273 0 0 276 276 0 0 0 0
OS 223 4110 2395 4867 929 1077 259 717 1084 1567 251 251 0 0 0 0 0 0
HS 223 4111 5878 13413 3679 4329 907 1318 5537 8198 0 0 0 0 0 0 0 0
OS 223 4111 6683 9853 1210 2388 424 498 2248 2703 331 331 0 0 0 0 0 0
HS 223 4114 4687 12532 3634 4110 576 576 5204 7007 459 459 0 0 0 0 0 0
OS 223 4114 4256 6469 1590 1738 396 396 1613 2237 0 0 0 0 0 0 159 159
HS 223 4125 5179 11542 572 2142 428 662 2830 4772 0 0 0 0 0 0 0 0
OS 223 4125 5419 8964 1156 1862 567 736 1961 2546 0 0 0 0 0 0 274 274
HS 223 4127 15444 22792 4422 6216 1105 1929 7776 18994 0 0 152 152 0 0 0 0
OS 223 4127 17097 24666 4426 5864 2338 2359 6466 8124 1055 1055 0 0 0 0 0 0
HS 223 4130 19471 25645 5017 6006 1540 1540 7662 12521 0 0 0 0 0 0 0 0
OS 223 4130 12987 26449 4066 4192 947 947 7056 8006 0 0 0 0 0 0 0 0
HS 223 4142 13706 16257 5041 5773 1753 1753 7234 9231 0 0 0 0 0 0 585 585
OS 223 4142 9932 12751 2273 3221 1337 1337 2712 4696 0 0 0 0 0 0 0 0
HS 223 4152 36226 41831 8815 11857 4394 4394 16736 27711 0 0 0 0 0 0 0 0
OS 223 4152 22414 35859 5749 6439 2157 2157 10967 12491 0 0 0 0 0 0 0 0
HS 223 4154 31161 43617 12997 13545 4275 4275 35254 38810 0 0 0 0 0 0 0 0
OS 223 4154 30711 34027 6469 7371 2549 2549 10559 12224 1469 1469 0 0 0 0 0 0
HS 223 4155 22872 28424 6585 10051 4619 4619 11508 34394 2825 2825 0 0 0 0 0 0
OS 223 4155 10929 26578 5499 5919 2382 2382 6618 10408 0 0 0 0 0 0 0 0
HS 223 5101 2618 3043 773 773 246 246 1124 2000 21 21 0 0 0 0 0 0
OS 223 5101 2011 2855 383 383 155 155 684 900 0 0 0 0 0 0 0 0
HS 223 5243 27816 29036 7271 7271 0 0 13043 19081 0 0 0 0 0 0 0 0
OS 223 5243 21220 29012 5318 5318 0 0 9395 9395 0 0 0 0 0 0 0 0
HS 223 5247 24805 27177 5930 5930 0 0 15475 15475 0 0 0 0 0 0 0 0
OS 223 5247 27531 29869 5475 5475 2126 2126 10388 10388 0 0 0 0 0 0 0 0
HS 223 5255 16200 16824 6704 6704 2245 2245 15253 15253 0 0 0 0 0 0 0 0
OS 223 5255 12891 13797 3510 3510 0 0 5039 5039 638 638 0 0 0 0 0 0
HS 223 5256 13820 16178 4705 4705 0 0 9704 9704 0 0 0 0 0 0 0 0
OS 223 5256 6136 6837 0 0 878 878 2553 3761 0 0 0 0 0 0 0 0
HS 223 5257 22801 23877 0 0 4249 4249 15719 17667 0 0 0 0 0 0 0 0
OS 223 5257 16539 21246 5346 5346 0 0 6034 6034 0 0 0 0 0 0 0 0
HS 223 5258 30845 34318 0 0 4158 4158 32274 32274 0 0 0 0 0 0 0 0
OS 223 5258 31227 32776 7890 7890 3616 3616 9442 9442 0 0 0 0 0 0 0 0
HS 223 5259 24488 25326 5028 5028 0 0 13895 13905 0 0 0 0 0 0 0 0
OS 223 5259 17232 19706 2957 2957 0 0 5411 5411 0 0 0 0 0 0 0 0
HS 223 5260 17033 22184 6462 6462 0 0 15481 15481 0 0 0 0 0 0 0 0
OS 223 5260 15577 16129 2756 2756 0 0 6063 6524 0 0 0 0 0 0 0 0
HS 223 5261 15973 16346 0 0 215 215 9348 10545 0 0 0 0 0 0 0 0
OS 223 5261 7648 9848 1748 1748 0 0 2617 2617 0 0 0 0 0 0 0 0
HS 223 5262 17584 19594 5972 5972 0 0 10962 11526 0 0 0 0 0 0 0 0
OS 223 5262 9334 12109 2797 2797 0 0 3875 3875 0 0 0 0 0 0 0 0
HS 223 5263 18694 20405 9104 9104 0 0 12069 12069 0 0 0 0 0 0 0 0
OS 223 5263 13158 14517 3685 3685 0 0 5941 5941 0 0 0 0 0 0 0 0
HS 223 5264 13930 16560 0 0 3730 3730 16320 16320 0 0 0 0 0 0 0 0
OS 223 5264 11375 13972 0 0 920 920 4434 5531 0 0 0 0 0 0 0 0
HS 223 5265 16654 19985 6291 6291 4026 4026 14382 14382 0 0 0 0 0 0 0 0
OS 223 5265 13567 14090 3487 3487 0 0 4756 4756 0 0 0 0 0 0 529 529
HS 223 5266 14960 16550 4799 4799 0 0 8629 8629 139 139 0 0 0 0 0 0
OS 223 5266 8014 8861 0 0 1539 1539 3283 4088 0 0 0 0 0 0 0 0
HS 223 5503 27320 43788 8842 9316 3529 3529 31057 36113 0 0 0 0 0 0 0 0
OS 223 5503 31424 36253 1220 5731 3335 4016 13060 13358 0 0 0 0 0 0 0 0
HS 223 5507 12959 37756 13790 14218 2487 2487 18537 31062 0 0 0 0 0 0 0 0
OS 223 5507 12677 23787 2345 4364 2854 2854 8237 11085 0 0 0 0 0 0 0 0
HS 223 5508 18303 50006 11861 14329 5695 5695 38389 40514 0 0 0 0 0 0 0 0
OS 223 5508 14060 29358 6812 8761 3312 3312 12385 12978 2816 2816 0 0 0 0 0 0
HS 223 5509 55878 61865 12267 12480 7457 7457 40775 42191 0 0 0 0 0 0 0 0
OS 223 5509 27281 46561 9639 10352 4595 4595 14534 15627 0 0 0 0 0 0 0 0
HS 224 4109 28383 51786 2685 7830 1123 1855 17154 29751 675 675 0 0 0 0 0 0
OS 224 4109 24304 32743 3142 5545 1064 1601 8121 9806 932 932 0 0 0 0 413 413
HS 224 4110 15398 35352 3467 7184 1657 2295 13103 22459 0 0 0 0 0 0 0 0
OS 224 4110 9310 19935 2144 4288 1454 1887 4345 7323 686 686 0 0 0 0 0 0
HS 224 4111 16490 54787 4566 8187 1485 2013 15281 29957 1763 1763 186 186 0 0 0 0
OS 224 4111 17282 29276 3936 5988 1409 1881 6927 9437 556 556 0 0 0 0 1005 1005
HS 224 4114 25113 47465 5594 7868 1955 2685 12286 28572 1279 1279 0 0 0 0 0 0
OS 224 4114 18081 26632 3489 6024 2151 2499 6082 8706 0 0 0 0 0 0 0 0
HS 224 4125 11969 29766 783 5217 1446 1712 7795 11649 224 224 0 0 0 0 0 0
OS 224 4125 15288 27035 3108 5250 1650 2159 6304 8273 486 486 0 0 0 0 538 538
HS 224 4142 35743 60254 8215 9315 2345 3123 24615 31823 750 750 0 0 0 0 0 0
OS 224 4142 26827 31623 5343 6237 2657 3199 8893 10433 2791 2791 0 0 0 0 0 0
HS 225 4107 60311 84765 14432 18787 3763 4884 198556 217627 0 0 0 0 0 0 0 0
OS 225 4107 29251 36741 6571 7274 1953 2982 10398 11370 2691 2691 0 0 0 0 0 0
HS 225 4109 17052 46006 3823 10366 580 1775 23065 135416 239 239 0 0 0 0 0 0
OS 225 4109 23987 33326 3916 5329 674 1456 8033 9871 1604 1604 0 0 0 0 0 0
HS 225 4110 15605 35793 11015 14404 2765 3991 36406 96579 0 0 0 0 0 0 0 0
OS 225 4110 15993 22251 2851 4187 1769 1807 5371 6990 773 773 0 0 0 0 0 0
HS 225 4111 28692 54699 7954 12092 1796 2016 28024 165819 0 0 0 0 0 0 0 0
OS 225 4111 24357 30330 4265 5145 1257 1552 7109 8371 1213 1213 0 0 0 0 0 0
HS 225 4114 36121 57371 7599 13679 1782 2285 42382 208461 522 522 0 0 0 0 0 0
OS 225 4114 22336 30885 4137 5565 2035 2209 7982 9167 0 0 0 0 0 0 670 670
HS 225 4125 18173 43419 3801 10334 2079 2745 18930 125896 856 856 0 0 0 0 0 0
OS 225 4125 20670 28735 3524 4531 1447 1512 6728 8091 0 0 0 0 0 0 869 869
HS 225 4127 79114 99049 17362 33199 3457 6030 210840 210840 1373 1373 0 0 0 0 0 0
OS 225 4127 33863 39447 6889 7749 3484 4231 10310 13266 0 0 0 0 0 0 0 0
HS 225 4146 54823 63025 13522 15607 3579 4153 131254 393113 1953 1953 0 0 0 0 0 0
OS 225 4146 18226 31370 6235 6931 1989 3059 7409 10416 0 0 0 0 0 0 0 0
HS 226 4107 2628 11679 5076 5813 7248 10439 2846 5324 0 0 0 0 0 0 0 0
OS 226 4107 4391 7191 1501 2335 728 856 2179 3535 0 0 0 0 0 0 317 317
HS 226 4109 5417 17277 3713 7244 3553 6457 3990 6384 704 704 0 0 0 0 0 0
OS 226 4109 2887 7883 664 1193 140 285 1410 2103 37 37 0 0 0 0 0 0
HS 226 4110 693 2925 338 1336 1002 2781 483 1416 3297 3297 0 0 0 0 0 0
OS 226 4110 152 748 87 166 18 117 138 263 8 8 0 0 0 0 30 30
HS 226 4114 1110 4580 1905 3468 1646 5549 788 2310 0 0 0 0 0 0 427 427
OS 226 4114 637 1753 265 709 196 216 273 499 108 108 0 0 0 0 0 0
HS 226 4125 2476 7265 341 3082 1838 7960 1343 2950 0 0 0 0 0 0 751 751
OS 226 4125 631 2667 197 725 36 190 418 841 282 282 0 0 0 0 0 0
HS 226 4127 11948 21165 7175 8069 10543 16827 5765 7853 0 0 0 0 0 0 0 0
OS 226 4127 7747 15269 2520 3534 557 687 3138 6332 0 0 0 0 0 0 247 247
HS 226 4144 2061 6632 1667 3700 5743 8100 1447 3246 1805 1805 0 0 0 0 0 0
OS 226 4144 1385 3076 381 740 88 296 566 1048 0 0 27 27 0 0 0 0
HS 226 4145 10070 20080 5831 7737 12225 14768 4716 7257 2522 2522 0 0 0 0 0 0
OS 226 4145 8602 14354 1571 3429 688 1590 3540 5170 0 0 0 0 0 0 533 533
HS 226 4148 7194 10873 3402 7959 10276 12047 3142 5464 0 0 0 0 0 0 0 0
OS 226 4148 3225 8212 1224 2778 877 1405 2218 3725 477 477 0 0 0 0 0 0
HS 226 5101 708 1945 88 168 866 1150 553 642 0 0 0 0 0 0 0 0
OS 226 5101 400 1277 44 124 29 30 318 518 8 8 0 0 0 0 0 0
HS 227 4109 24146 52397 5072 7249 1760 2611 17998 35407 0 0 0 0 0 0 0 0
OS 227 4109 16720 27271 3263 4111 971 1022 6434 8001 562 562 0 0 0 0 0 0
HS 227 4110 21172 34228 3491 10477 1715 4789 9824 19911 0 0 0 0 0 0 0 0
OS 227 4110 11849 18398 2863 3373 482 1561 5333 6378 506 506 0 0 0 0 0 0
HS 227 4114 30540 53796 9978 11543 3326 5316 24690 39821 789 789 0 0 0 0 0 0
OS 227 4114 19908 23302 3909 4603 1582 1717 5847 7875 0 0 0 0 0 0 0 0
HS 227 4125 23231 40840 7176 9864 2705 2741 11759 25417 0 0 0 0 0 0 708 708
OS 227 4125 18100 22306 2210 3513 1072 1347 4996 6809 0 0 0 0 0 0 665 665
HS 227 4144 32632 54044 8046 11176 2960 3761 15224 44585 1385 1385 0 0 0 0 0 0
OS 227 4144 18828 26255 3226 4208 1317 1455 7243 7975 1054 1054 0 0 0 0 0 0
HS 228 4104 8656 21596 2511 4181 1028 1320 6207 8292 696 696 0 0 0 0 0 0
OS 228 4104 10462 19860 1834 4050 1330 2335 4564 6955 936 936 0 0 0 0 0 0
HS 228 4107 4394 10845 1305 2408 651 832 2519 4893 0 0 0 0 0 0 0 0
OS 228 4107 4989 10096 1000 1924 405 1151 2208 3677 234 234 0 0 0 0 0 0
HS 228 4109 3250 6606 216 1341 142 173 1172 1996 470 470 0 0 0 0 0 0
OS 228 4109 3393 7853 155 987 71 160 1446 2138 194 194 0 0 0 0 0 0
HS 228 4110 293 1496 236 527 23 97 214 536 126 126 20 20 0 0 0 0
OS 228 4110 189 1381 99 276 24 228 243 402 14 14 0 0 0 0 31 31
HS 228 4114 973 2362 249 497 137 189 409 718 0 0 0 0 0 0 3 3
OS 228 4114 1063 2341 70 626 20 479 558 862 44 44 0 0 0 0 34 34
HS 228 4125 460 4375 96 1322 78 187 711 1244 84 84 0 0 0 0 181 181
OS 228 4125 586 3888 212 549 127 328 634 1065 0 0 16 16 0 0 0 0
HS 228 4127 11193 20549 2919 3397 393 672 4923 6373 584 584 0 0 0 0 0 0
OS 228 4127 10675 16532 1702 3631 1328 2000 4576 5981 930 930 0 0 0 0 0 0
HS 228 4144 2052 4220 411 1049 28 239 691 946 0 0 0 0 0 0 196 196
OS 228 4144 2397 4129 234 760 265 507 767 1215 0 0 0 0 0 0 44 44
HS 229 4107 4738 22842 3693 7994 1596 1909 7697 16889 1842 1842 0 0 0 0 0 0
OS 229 4107 11946 20259 2426 4141 862 1350 5158 6591 582 582 0 0 0 0 891 891
HS 229 4109 2893 24027 2630 6613 312 1313 6007 17238 569 569 0 0 0 0 0 0
OS 229 4109 11894 16708 2095 2724 254 310 3571 4437 151 151 0 0 0 0 259 259
HS 229 4111 7951 14099 3087 5351 1039 1534 8285 14737 0 0 0 0 0 0 0 0
OS 229 4111 7268 12248 1314 2283 395 724 3026 4072 652 652 0 0 0 0 0 0
HS 229 4114 9659 21252 3857 8398 2005 4048 9113 20223 592 592 0 0 0 0 0 0
OS 229 4114 6821 9750 1756 2668 795 991 2203 3529 356 356 0 0 54 54 0 0
HS 229 4125 1412 12061 1153 2949 361 1487 2281 8241 836 836 0 0 0 0 0 0
OS 229 4125 6236 11697 1558 2452 614 821 2452 3763 265 265 0 0 0 0 109 109
HS 229 4151 1935 8335 990 2753 327 1688 2058 7293 200 200 0 0 0 0 0 0
OS 229 4151 3707 6795 895 1633 869 964 1445 2913 0 0 46 46 0 0 0 0
HS 229 5503 21977 53552 19462 26947 6959 8415 30941 45669 0 0 0 0 0 0 0 0
OS 229 5503 21451 35108 5487 8499 3016 3915 8932 12634 0 0 0 0 0 0 0 0
HS 229 5507 24394 53628 8855 23085 2860 5856 24629 48970 0 0 0 0 0 0 0 0
OS 229 5507 4015 29987 5126 8997 3177 4174 8485 13112 0 0 0 0 0 0 0 0
HS 229 5508 18759 54119 27088 34936 5799 6179 20573 47724 0 0 0 0 0 0 0 0
OS 229 5508 13494 32357 3135 8995 1402 2622 8243 13256 1163 1163 0 0 0 0 0 0
HS 230 4107 9128 18309 1081 2625 1837 3797 5238 7035 337 337 154 154 0 0 0 0
OS 230 4107 7271 19599 2226 3447 1030 1370 4824 6313 0 0 0 0 0 0 0 0
HS 230 4109 10453 16025 1041 2316 1844 2853 3468 7060 0 0 0 0 0 0 0 0
OS 230 4109 8731 13918 1532 2185 398 597 2809 3505 231 231 0 0 0 0 114 114
HS 230 4110 845 4276 132 667 716 1169 1149 2437 129 129 0 0 0 0 72 72
OS 230 4110 2666 3963 727 1403 585 843 882 1360 153 153 0 0 0 0 0 0
HS 230 4114 4329 7584 754 2172 1137 2238 2865 4767 280 280 0 0 0 0 0 0
OS 230 4114 2407 5374 784 1578 305 782 1272 1960 150 150 0 0 0 0 0 0
HS 230 4125 2957 7849 300 866 359 820 1678 2818 96 96 0 0 0 0 282 282
OS 230 4125 3523 8712 873 2028 613 714 1666 2446 0 0 0 0 0 0 290 290
HS 230 4127 4647 28405 2485 4047 5499 8653 7799 11595 0 0 0 0 0 0 0 0
OS 230 4127 13620 26584 3578 5670 1892 2167 6093 8831 764 764 0 0 0 0 1410 1410
HS 230 4130 22416 33999 2925 4377 2795 4585 11829 12848 0 0 0 0 0 0 0 0
OS 230 4130 18581 27129 2207 4781 1051 1051 6893 8523 0 0 0 0 0 0 0 0
HS 230 4144 6684 10679 1007 2093 993 2119 2677 5036 639 639 0 0 0 0 0 0
OS 230 4144 4732 8926 1640 1983 649 770 2003 2743 314 314 0 0 0 0 0 0
HS 230 5101 525 2218 97 330 338 569 550 1025 0 0 0 0 0 0 3 3
OS 230 5101 1199 2295 199 427 85 176 563 977 133 133 0 0 0 0 0 0
HS 231 4104 31614 37758 5395 6406 2341 2341 11606 12199 0 0 0 0 0 0 0 0
OS 231 4104 26338 34930 6155 7532 1469 1469 9000 9832 1146 1146 0 0 0 0 0 0
HS 231 4107 10480 26817 3921 4089 1755 1755 7362 8823 1936 1936 0 0 0 0 0 0
OS 231 4107 16043 26253 4938 5604 1575 1575 7389 8176 0 0 0 0 0 0 0 0
HS 231 4109 15638 21261 2379 3118 864 1291 5117 6800 273 273 0 0 0 0 0 0
OS 231 4109 18248 25495 2946 3911 1050 1310 6216 7819 0 0 0 0 0 0 536 536
HS 231 4110 2546 10930 1194 2055 1250 1510 2062 3532 0 0 0 0 0 0 308 308
OS 231 4110 7425 13632 1283 2825 257 524 3061 4823 0 0 0 0 0 0 0 0
HS 231 4114 5150 13927 1139 2221 566 1231 2966 4786 0 0 0 0 0 0 204 204
OS 231 4114 7750 16406 2037 3473 968 1238 3612 6080 384 384 0 0 0 0 0 0
HS 231 4125 11744 18356 1258 2941 1057 1757 4902 5991 0 0 0 0 0 0 0 0
OS 231 4125 16744 20558 2310 3678 946 1276 4663 6537 749 749 0 0 0 0 0 0
HS 231 4127 19903 31986 4328 4409 2296 2296 8979 10956 0 0 0 0 0 0 0 0
OS 231 4127 23581 33652 4617 4989 2363 2363 8179 9933 0 0 0 0 0 0 575 575
HS 231 4144 7864 18179 1696 3785 530 1483 4787 6032 142 142 0 0 0 0 0 0
OS 231 4144 14197 23281 3603 4677 987 1327 5496 7355 0 0 0 0 11 11 0 0
HS 232 4104 14805 20890 2151 2151 0 0 5857 5857 0 0 0 0 0 0 0 0
OS 232 4104 0 0 0 0 0 0 0 0 0 0 0 0 0 0 0 0
HS 232 4107 7697 9815 2022 2022 1158 1158 3765 3842 0 0 0 0 0 0 0 0
OS 232 4107 0 0 0 0 0 0 0 0 0 0 0 0 0 0 0 0
HS 232 4109 6017 7761 829 829 0 0 1906 2038 0 0 0 0 0 0 0 0
OS 232 4109 0 0 0 0 0 0 0 0 0 0 0 0 0 0 0 0
HS 232 4110 775 974 313 313 193 193 212 288 0 0 0 0 0 0 172 172
OS 232 4110 0 0 0 0 0 0 0 0 0 0 0 0 0 0 0 0
HS 232 4114 1340 1603 370 418 192 192 510 541 70 70 0 0 0 0 0 0
OS 232 4114 0 0 0 0 0 0 0 0 0 0 0 0 0 0 0 0
HS 232 4125 2678 3321 431 431 345 345 945 963 0 0 0 0 0 0 0 0
OS 232 4125 0 0 0 0 0 0 0 0 0 0 0 0 0 0 0 0
HS 232 4127 10975 18469 4249 4249 0 0 4249 4766 0 0 0 0 0 0 0 0
OS 232 4127 0 0 0 0 0 0 0 0 0 0 0 0 0 0 0 0
HS 232 4144 2746 3560 235 235 380 380 922 1217 0 0 0 0 0 0 0 0
OS 232 4144 0 0 0 0 0 0 0 0 0 0 0 0 0 0 0 0
AI 301 5901 9505 18025 2776 7432 1592 4019 3936 8272 404 404 0 0 0 0 429 429
AI 302 4114 18073 23972 4270 5855 1594 1858 6404 9286 1014 1014 0 0 0 0 1211 1211
AI 302 4151 10969 21686 2032 5998 1997 2790 4785 9785 777 842 0 0 0 0 800 1445
AI 303 4110 10097 22039 3324 4769 1736 2896 5998 8906 0 0 0 0 0 0 0 0
AI 303 4114 15740 28368 5373 7345 2930 2952 8941 10011 0 0 0 0 0 0 0 0
AI 304 4110 16576 30260 4579 6712 2419 3569 9094 11041 964 964 0 0 0 0 729 729
AI 304 4146 20563 31780 6064 8355 3595 4336 10135 12544 1932 1932 0 0 0 0 1283 1283
AI 305 4110 8674 23604 4220 6830 3280 3282 8200 11276 1101 1101 0 0 0 0 0 0
AI 305 4114 17512 28422 6130 7415 2927 3159 7387 12360 1982 1982 0 0 0 0 0 0
AI 305 4146 23439 28621 7678 8245 3409 3502 11383 12588 1554 1554 0 0 0 0 0 0
AI 306 4110 19118 26417 5045 7161 2838 3468 8133 11619 0 0 0 0 0 0 0 0
AI 306 4114 21193 29875 6543 7657 3141 3414 11583 12590 1248 1248 0 0 0 0 0 0
AI 307 4110 10167 18318 3262 6063 1851 2668 5125 8562 0 0 136 136 0 0 0 0
AI 307 4114 13453 23027 2985 5709 1223 3204 5576 9382 0 0 0 0 0 0 0 0
AI 308 4110 14696 22446 3305 6845 1118 2990 6632 9845 938 938 0 0 0 0 849 849
AI 308 4146 13391 27303 4963 7983 2751 3475 9854 12044 1268 1268 0 0 0 0 0 0
AI 309 4114 4509 10363 1721 3237 1197 1549 2149 3738 440 440 0 0 0 0 534 595
AI 309 4146 1703 6814 944 2638 927 2569 1382 2910 200 359 0 0 0 0 564 564
AI 309 5224 16343 17797 3864 3864 0 0 5048 5676 0 0 0 0 0 0 0 0
AI 309 5272 7897 8521 2424 2424 3404 3404 2918 3798 0 0 0 0 0 0 0 0
AI 309 5273 5642 7088 3330 3330 2233 2233 2639 3268 0 0 0 0 0 0 0 0
AI 309 5274 4893 7295 2208 2208 1716 1716 3379 3683 0 0 0 0 0 0 0 0
AI 309 5275 7572 8384 4352 4352 1388 1388 3905 4211 0 0 0 0 0 0 0 0
AI 309 5276 7036 9034 3392 3392 0 0 3959 4202 0 0 0 0 0 0 0 0
AI 309 5277 7438 8282 3644 3644 0 0 3390 3525 0 0 0 0 0 0 0 0
AI 309 5278 10810 11598 4522 4522 0 0 4570 4884 1334 1334 0 0 0 0 0 0
AI 309 5279 10956 12065 3341 3341 0 0 3240 4043 0 0 0 0 0 0 0 0
AI 309 5402 10500 12125 2977 2977 0 0 3888 3888 0 0 0 0 0 0 0 0
AI 309 5403 8369 9900 4159 4159 4072 4072 3284 4511 0 0 0 0 0 0 0 0
AI 310 4151 6064 14464 3268 4614 1853 2691 3500 5032 0 0 0 0 0 0 820 820
AI 310 4157 11305 18812 3873 5443 1968 2893 5342 7616 2038 2038 0 0 0 0 0 0
AI 310 4158 8367 21491 2194 5459 1682 2251 5335 7841 823 823 0 0 0 0 0 0
AI 310 5252 20263 29621 1555 5599 2028 2028 7574 8004 1732 1732 0 0 0 0 0 0
AI 310 5268 21021 29674 4671 5523 960 2267 8267 9673 1674 1674 0 0 0 0 0 0
AI 310 5269 17937 26403 4090 7130 1393 1393 6999 10700 0 0 0 0 0 0 0 0
AI 310 5270 18961 27285 5782 6797 2862 3224 6998 10136 1696 1696 0 0 0 0 0 0
AI 310 5271 12246 21048 4429 6945 765 2333 5562 9223 0 0 0 0 0 0 0 0
AI 311 4110 7187 19743 1752 6441 2354 2892 4269 8251 344 410 0 0 0 0 945 945
AI 311 4114 11024 25073 4491 6944 1186 3072 5813 10828 1215 1839 0 0 0 0 1281 1281
AI 311 4125 15497 27815 3428 5576 1300 2431 6631 10412 711 711 0 0 0 0 1116 1116
AI 312 4146 7696 20838 3441 7238 2947 4367 4635 9016 829 829 0 0 0 0 1134 1134
AI 313 4110 31960 36144 7272 8613 4506 4511 11410 13403 0 0 0 0 0 0 0 0
AI 313 4114 36278 39683 8572 9325 3889 3995 12226 13747 0 0 0 0 0 0 0 0
AI 314 4110 8038 25297 3817 6238 1087 2888 5926 10246 1102 1102 0 0 0 0 0 0
AI 314 4114 12157 29338 5472 7080 1108 3388 6908 10982 1471 1471 0 0 0 0 0 0
AI 314 4146 21095 30565 7162 8219 1562 3734 10209 12416 1930 1930 0 0 0 0 0 0
AI 315 4146 14269 27434 5067 7656 3547 4147 6633 10041 731 731 0 0 0 0 0 0
AI 316 4110 17395 29747 5530 7913 3122 3769 7500 11605 1073 1073 0 0 0 0 0 0
AI 316 4114 22021 31155 7212 8314 2727 4086 11509 12723 1336 1336 0 0 0 0 0 0
AI 317 4110 16388 24149 4489 6223 1380 2068 5889 10601 1164 1164 0 0 0 0 0 0
AI 317 4114 24573 29534 3356 5895 2547 3334 7003 10780 0 0 0 0 0 0 0 0
AI 318 4110 15297 32338 3249 8193 3057 4439 7848 12365 1123 1123 0 0 0 0 1240 1240
AI 401 4110 19765 40018 8698 8978 3757 3757 10611 13978 0 0 0 0 0 0 0 0
HS 401 4110 62384 107808 11234 15329 3847 4239 32595 51385 0 0 0 0 0 0 0 0
AI 401 4114 39157 42085 8380 9119 4373 4373 12025 13988 0 0 0 0 0 0 0 0
HS 401 4114 66163 109062 12767 14977 5015 5015 37983 42441 0 0 0 0 0 0 0 0
AI 401 4168 45531 48690 8994 10117 2066 2066 14715 15419 0 0 0 0 0 0 0 0
HS 401 4168 64404 159872 14086 15550 4357 4946 51778 58141 0 0 0 0 0 0 0 0
HS 402 4104 36224 48844 11983 13506 6607 10919 0 0 0 0 0 0 0 0 0 0
OS 402 4104 21065 36291 7094 9275 2224 3215 0 0 2375 2375 0 0 0 0 0 0
HS 402 4107 24692 34246 9525 10502 2605 8548 0 0 0 0 0 0 0 0 0 0
OS 402 4107 10916 23765 4194 5587 2477 3029 0 0 0 0 0 0 0 0 0 0
HS 402 4109 21274 27337 3150 6807 1888 3938 0 0 744 744 0 0 0 0 0 0
OS 402 4109 11949 19624 1945 3952 590 1228 0 0 1204 1204 0 0 0 0 0 0
HS 402 4110 4039 12746 438 3809 474 3673 0 0 576 742 0 0 0 0 0 0
OS 402 4110 4671 9172 993 2808 997 1308 0 0 144 162 0 0 0 0 0 0
HS 402 4114 6007 19204 5857 8154 2352 5139 0 0 302 1179 0 0 0 0 0 0
OS 402 4114 6931 14682 1723 4065 1523 1993 0 0 626 729 0 0 0 0 0 0
HS 402 4125 6736 21213 1995 5732 1934 3865 0 0 0 0 0 0 0 0 0 0
OS 402 4125 6607 16268 1860 4030 1476 1648 0 0 0 0 0 0 0 0 0 0
HS 402 4144 13863 23587 4200 7861 2772 4478 0 0 0 0 0 0 0 0 0 0
OS 402 4144 10708 16469 2527 4568 1571 1709 0 0 0 0 0 0 0 0 0 0
HS 402 4145 31419 39537 9176 11471 5252 8789 0 0 0 0 0 0 0 0 0 0
OS 402 4145 19372 28954 6269 8241 2793 3116 0 0 0 0 0 0 0 0 0 0
HS 402 4146 13517 23959 3882 8644 4664 6205 0 0 1041 1041 0 0 0 0 0 0
OS 402 4146 9753 14001 2868 4462 2258 2768 0 0 607 607 0 0 0 0 0 0
HS 402 4159 35425 42263 11239 12214 5535 9490 0 0 0 0 0 0 0 0 0 0
OS 402 4159 25238 32055 6144 8266 2289 4232 0 0 0 0 0 0 0 0 0 0
HS 402 5101 1119 5367 169 519 184 562 0 0 0 0 0 0 0 0 0 0
OS 402 5101 1125 2730 244 604 231 231 0 0 201 201 0 0 0 0 0 0
AI 403 4110 27884 43025 5900 9683 2478 4837 11054 14331 2359 2359 0 0 0 0 1363 1363
AI 403 4111 30705 48134 6301 9493 2540 4234 13579 15203 1193 2075 0 0 0 0 0 0
AI 403 4114 31696 48662 8097 10368 4667 5343 13290 15282 1368 1368 0 0 0 0 1120 1120
AI 403 4125 26039 48590 3968 9755 3952 4851 12587 14657 853 853 0 0 0 0 1083 1083
AI 404 4160 40039 50879 3526 11060 4507 5884 13796 15869 2849 2849 0 0 0 0 0 0
AI 405 4109 12718 32395 3765 3765 1597 2438 8154 12951 0 0 0 0 0 0 0 0
AI 405 4111 17689 29952 3901 6133 2568 3230 8509 12884 0 0 0 0 0 0 0 0
AI 405 4125 15042 28395 4022 4291 2045 2688 7198 10992 1400 1400 0 0 0 0 0 0
AI 406 4107 43225 49434 10378 10835 3110 4895 13927 15743 3284 3284 0 0 0 0 0 0
AI 406 4109 25345 46369 4444 7036 2227 2476 12578 14632 2403 2403 0 0 0 0 0 0
AI 406 4110 17127 38894 7747 9759 3060 4616 10476 13993 1218 1218 0 0 0 0 0 0
AI 406 4114 29662 43903 8568 10369 3831 4917 12512 15004 3346 3346 0 0 0 0 0 0
AI 406 4125 29619 45149 6101 9597 2603 3958 11687 14472 1810 1810 0 0 0 0 0 0
AI 406 4146 36117 46360 9097 10564 5283 5832 14180 15555 0 0 0 0 0 0 0 0
AI 406 4149 46773 51351 10354 11177 4613 5952 14664 16116 2707 2707 0 0 0 0 0 0
AI 407 4110 17835 31023 5158 7927 2388 4871 7915 12917 972 972 0 0 0 0 0 0
AI 407 4114 17865 32460 5563 8328 4635 5406 8381 13186 1587 1587 0 0 0 0 0 0
AI 408 4137 18554 36191 5812 8810 1390 4045 9387 13626 2488 2488 0 0 0 0 0 0
AI 409 4156 27402 45693 5267 7783 2735 5986 11790 14768 0 0 0 0 0 0 0 0
AI 409 4162 29622 49753 7188 10539 3232 6025 13367 15566 2679 2679 0 0 0 0 0 0
AI 410 4107 32249 49567 9655 10689 5503 5541 15648 16259 0 0 0 0 0 0 1038 1038
AI 410 4110 27186 39763 4475 9209 3337 5473 10296 14959 2545 2545 0 0 0 0 0 0
AI 410 4111 35884 48600 5328 9958 3795 4910 12966 15901 3432 3432 0 0 0 0 0 0
AI 410 4114 35325 47086 9095 10086 4596 5092 15025 15675 1905 1905 0 0 0 0 0 0
AI 410 4148 47043 50480 9769 11265 5955 6040 15223 16268 0 0 0 0 0 0 0 0
AI 410 4164 49085 51769 10265 11242 6078 6190 16299 16450 0 0 0 0 0 0 0 0
AI 410 4165 23452 46476 9449 10092 3669 5547 12405 15295 0 0 0 0 0 0 0 0
AI 410 4166 36456 49381 10257 10800 5605 5865 13813 15914 0 0 0 0 0 0 0 0
AI 411 4109 46589 49280 9225 10454 2574 3750 0 0 3017 3017 0 0 0 0 0 0
AI 411 4111 48741 50160 9752 10929 5268 5593 0 0 1679 1679 0 0 0 0 0 0
AI 411 4114 46697 49992 10569 10863 5176 5814 0 0 0 0 0 0 0 0 0 0
AI 411 4146 41535 48541 10899 10935 5062 6114 0 0 3071 3071 0 0 0 0 0 0
AI 411 4151 40025 44005 9563 10593 4889 5871 0 0 0 0 0 0 0 0 0 0
AI 412 4109 43752 49560 6798 10239 2365 3093 13495 15639 0 0 0 0 0 0 0 0
AI 412 4110 28465 40297 8265 9425 2373 2373 11050 13293 0 0 0 0 0 0 0 0
AI 412 4111 34837 49092 10620 10673 3490 3490 14659 15099 0 0 0 0 0 0 0 0
AI 412 4114 38278 49258 8647 10093 3269 3269 14686 15743 0 0 0 0 0 0 0 0
AI 412 4125 29473 47575 5762 9501 2711 2711 12340 15080 0 0 0 0 0 0 0 0
AI 412 4167 47591 51789 10642 10888 3533 3533 15131 16278 0 0 0 0 0 0 0 0
AI 413 4501 1812 3516 545 659 360 397 1163 1594 143 143 0 0 0 0 0 0
AI 413 5101 533 1607 215 462 70 274 500 1078 41 41 0 0 0 0 0 0
AI 414 4501 1027 1761 75 347 16 251 522 1039 0 0 0 0 0 0 79 79
AI 414 5101 160 804 32 211 17 102 207 484 27 27 0 0 0 0 106 106
AI 415 4501 2884 3811 663 691 317 321 1117 1527 160 160 0 0 0 0 0 0
AI 415 5101 904 2774 229 609 134 257 647 1227 15 15 0 0 0 0 46 46
AI 416 4104 44299 52401 0 0 0 0 0 0 0 0 0 0 0 0 0 0
AI 416 4110 29177 49003 0 0 0 0 0 0 0 0 0 0 0 0 0 0
AI 416 4114 32570 51790 0 0 0 0 0 0 0 0 0 0 0 0 0 0
AI 416 4125 27381 51750 0 0 0 0 0 0 0 0 0 0 0 0 0 0
AI 416 5101 3129 3972 0 0 0 0 0 0 0 0 0 0 0 0 0 0
HS 417 5102 1071 2650 227 481 1646 1646 1591 1941 0 0 0 0 0 0 0 0
OS 417 5102 2372 3570 629 656 50 50 1135 1275 0 0 0 0 0 0 0 0
HS 417 5201 11225 28723 931 6034 12018 12262 11350 29407 0 0 0 0 0 0 0 0
OS 417 5201 9389 22813 943 4055 1622 1622 5749 7183 1615 1615 0 0 0 0 0 0
HS 417 5211 3049 13273 351 2876 5597 7024 4974 23111 0 0 0 0 0 0 421 421
OS 417 5211 13893 23314 5388 6354 3768 4226 5594 9209 1198 1198 0 0 0 0 0 0
HS 417 5215 20458 34093 2317 4503 2053 14593 16176 48878 1262 1262 0 0 0 0 0 0
OS 417 5215 16918 32827 4148 6681 2307 3774 8207 11360 1180 1180 0 0 0 0 0 0
HS 417 5217 3117 20203 608 2767 1625 12698 8777 29964 0 0 0 0 0 0 0 0
OS 417 5217 14223 27797 3056 6088 1121 2936 7081 9221 1367 1367 0 0 0 0 0 0
HS 417 5220 2071 11805 1265 2966 791 1460 2649 19307 144 144 0 0 0 0 0 0
OS 417 5220 8308 18432 2135 6252 1017 4269 4319 6959 0 0 0 0 0 0 0 0
HS 417 5233 4771 20845 1179 3196 5241 9706 9295 33872 0 0 0 0 0 0 0 0
OS 417 5233 8362 25769 2223 6449 2664 3006 5825 8151 1083 1083 0 0 0 0 0 0
HS 417 5242 29163 39389 5725 9008 14195 14195 50041 57946 2659 2659 0 0 0 0 0 0
OS 417 5242 25154 36501 6910 8382 4192 4938 11392 12982 0 0 0 0 0 0 0 0
HS 417 5247 31353 44768 6342 8689 11265 12007 34867 60930 0 0 0 0 0 0 0 0
OS 417 5247 29374 37465 7054 9086 3400 3400 10395 13348 0 0 0 0 0 0 0 0
HS 417 5280 15340 29076 3368 6658 4089 8108 28243 46548 466 466 0 0 0 0 0 0
OS 417 5280 16854 28008 6900 8768 4553 4872 7235 10693 0 0 0 0 0 0 0 0
AI 418 4169 34264 47978 7770 10551 3179 4008 12420 15758 1529 1665 0 0 0 0 0 0